663554
663556
663558
663559
663562
663567
622608
663568
663574
688158
663586
663604
663609
663611
663616
663623
663624
622663
663630
663647
606303
622694
663656
663662
663687
647304
663697
663698
647315
663704
647336
688297
622761
663728
671922
680118
647351
663738
663743
622786
663752
434378
663757
663765
663767
663773
663776
671976
688363
598264
606466
672012
598286
672016
663837
663853
663855
663878
663886
663893
663897
663898
663903
663905
663941
663947
663967
663968
663969
663978
663989
663992
663993
664023
664028
664034
664040
664056
664058
664059
688642
664068
664074
664076
664079
655889
672275
672279
672282
680474
672284
623149
664126
623167
623168
664129
664139
664141
672335
672356
623211
680570
680572
680573
680574
664192
680577
672386
664199
672391
664208
516782
664238
672456
606930
664285
664299
688883
606965
680694
623352
664314
680700
680704
672515
680716
680718
606992
606996
680728
680730
680732
664350
664351
680736
664353
680737
680739
680742
680744
672552
680755
656180
680757
672569
656186
680767
680769
672578
607043
672580
672582
680776
680777
623433
680779
623437
607054
467793
607067
623451
623454
656222
680802
607074
656232
623465
656234
656240
623474
656248
689017
672640
672642
656271
656288
623520
680869
656302
680880
656305
680885
672695
680897
672710
541640
607179
541645
680911
672724
607192
607200
656354
607208
672744
672761
689147
607237
500743
672782
680977
689172
607259
656412
656413
656420
500779
656427
672820
656448
672841
656457
689225
656458
681035
656464
672851
672860
656484
689254
681066
656492
689266
681082
664702
689296
656529
664728
656537
656541
656546
656550
656555
664747
656557
664761
681146
672960
656577
664770
656582
664774
664776
656605
607455
681190
681198
656629
607481
656638
681217
656641
689414
664849
615698
656657
664854
656671
623912
664874
664875
607536
664901
656716
681293
681297
664913
656730
656731
689520
656756
664948
623993
664954
681343
681347
681351
656775
607625
656786
664983
656794
607644
664991
656811
681393
681402
665019
640448
607680
640451
640454
640455
640462
656848
656849
673237
640470
681432
665052
656876
640492
542194
656883
607732
681460
656887
656896
624133
689672
681481
689690
656924
665120
681508
681517
656941
656945
501303
665152
665155
665161
681546
673357
656976
542303
673380
837227
657006
681584
657024
657041
657044
681624
542364
657053
657061
657077
657088
657097
681676
673490
673513
657136
681715
673540
673548
493329
624413
624415
608032
689958
624424
657193
624428
624431
689981
608070
681799
681806
681807
681810
657240
690022
657265
624503
542585
657277
624512
681857
640902
624522
681867
681869
681870
665487
681871
665489
681882
665506
681892
681911
624585
477132
665561
657376
690155
681982
624641
624647
657424
665620
665622
665625
493603
665660
444482
608324
682052
608331
608334
608336
608344
682073
608348
657508
657514
608369
608371
608372
690291
608379
608385
641154
682119
682120
673929
665742
657557
665750
542881
657571
542888
673962
657585
665782
682175
682177
665795
673995
665804
657612
674003
542932
592094
665828
665833
665839
657649
682227
542963
657656
518397
665856
805123
682243
665862
682254
665871
665877
641302
674072
502043
592155
641312
657697
682274
641313
813349
502054
665896
641329
592178
608566
543037
641343
592192
665923
502085
665926
592200
641355
592206
543056
641360
657746
608596
649557
543063
518489
657756
657757
502110
665953
665966
690544
641401
608638
805249
608648
608650
592273
641432
502171
543135
608671
592288
666018
608678
666023
805300
575929
518585
608701
518595
592325
641482
592332
608717
608718
641487
608723
518617
592348
592351
641511
674285
805367
543228
805373
641540
543238
543243
666126
666129
641555
666134
666135
543257
666139
666142
518692
666149
666150
666152
592426
666157
666158
666159
666160
641584
641585
666163
666165
666171
641598
543294
666176
674370
592450
666181
666182
592454
666185
608841
543305
543309
518735
666197
666200
666201
666204
666205
666207
666208
666211
666214
543339
641645
682610
543351
641656
682617
641658
682619
682622
682626
592518
518792
674441
682634
674444
690829
641680
682641
682657
666277
453286
682663
641703
682668
641712
527038
641726
641729
666310
527048
641743
641745
641755
518876
690916
518886
682729
641771
690925
649966
592626
641778
641779
543475
699134
641793
666374
690953
699151
543510
592662
641816
592663
518934
666397
592669
543518
690976
600869
805673
690986
641835
690990
690993
690997
592696
641856
641857
691011
691016
682829
691023
691026
600917
682842
445276
682847
666464
519008
502624
592741
543592
682868
592767
519043
592773
641927
592779
641933
502671
805779
641941
592791
641943
600986
805808
682928
814005
453568
592836
543685
642016
592866
691172
519141
642020
691176
682985
625643
642028
682989
682990
519151
682988
691182
682995
592885
682998
683002
666619
683004
683003
609280
666624
642048
683011
683021
543760
519203
666661
642086
642100
543807
642121
519242
683083
666703
642133
642136
650333
666720
543859
666745
519293
674944
642180
543877
683146
683155
519317
642197
650391
642201
519326
642207
650402
683175
642215
666808
642232
642239
691406
658648
683232
658668
650489
650490
593160
666915
806185
642350
666931
650556
650559
666969
666971
642397
666974
683357
691587
650633
691594
683409
650644
544150
650671
593334
642520
642528
445926
642546
642547
691718
691720
691723
691725
593423
593428
691740
683568
691777
691781
642629
691783
691785
691799
683618
650859
683627
601713
642701
650893
650895
642708
642715
650907
650911
667297
593576
642731
552640
675540
683734
650968
683737
683742
691945
683766
683769
700187
642851
667428
675627
683822
667452
675650
667463
675656
675659
667472
700241
700242
700246
700249
700250
700270
700337
700363
593871
684007
602104
692216
692230
675848
593934
667670
593958
806960
593974
692285
675915
667725
675921
667755
675961
643217
675989
643256
643265
643289
676059
676070
676083
676092
676105
676106
643338
676113
676116
684320
643361
676130
700712
643376
643377
643396
643410
545121
528748
643446
676254
643493
676263
676272
643511
676282
455117
455119
643565
700932
676356
676369
676391
676395
545341
668227
676428
545361
676439
676440
676475
676477
594580
676508
668338
676534
660162
676571
676572
668390
676596
676604
676609
676614
676617
676632
807712
807713
660271
676661
676664
693049
668472
676679
676680
676684
676694
676701
676702
676710
471911
676714
594798
676724
807799
594807
701305
578428
553869
570257
676755
594835
676760
553882
701350
676775
701358
676801
685005
701398
594902
668670
668674
668676
668678
553993
676879
676896
668709
668715
676914
668723
685107
676917
693304
693307
668731
693312
595014
685126
668752
676946
676961
676962
701538
701542
676969
676974
701552
570482
676979
660600
668800
668804
701581
677008
660636
677020
668832
660644
668843
668845
668853
693433
677053
660670
668868
668873
701643
660688
668881
677076
668885
660707
668901
668904
701675
668909
685299
668930
685314
668933
570632
668939
668941
668942
668943
668952
660761
660766
668964
668968
677161
668970
800048
800049
800050
668984
701762
669003
669004
660813
595281
644433
660821
669016
660825
669022
554340
660844
701807
660853
669060
669062
669065
693645
595345
685464
669084
669087
660896
669093
693686
669111
554430
554431
669127
669134
669137
521692
677347
669160
669165
669169
669194
669199
669203
669208
669211
669212
472610
669221
669222
669224
669234
669236
800311
669242
693821
669257
669261
669270
669276
628317
693855
669289
702070
669302
669304
669308
669326
669330
489119
669352
669357
669358
669364
669369
669371
669372
669373
669374
669387
669391
669394
677587
677588
669397
677592
677594
628451
628452
685801
669422
669432
669438
579328
669450
702222
677649
669459
694037
669461
669467
669477
595777
702284
702332
661388
702352
661395
702358
620443
661403
694175
595879
677800
595881
694192
669620
669622
595897
694208
694212
595909
595928
628708
489446
677865
669674
677870
669684
808959
808963
669699
669701
808967
595978
669707
669711
669713
808982
661527
669720
694297
669721
661531
669724
596001
669743
596019
677941
677942
571448
677944
661563
677950
677951
677952
694335
677955
677956
677958
677960
571466
456781
612434
694359
677976
694361
694362
694363
669796
694374
694376
694377
694384
694388
571510
678009
678020
596103
686217
686218
645261
596115
571539
596117
702616
645277
669854
596129
596133
678061
596142
596146
645302
645305
571578
547001
694462
694477
669911
669912
694497
669923
669952
571656
571657
571670
645444
596295
702795
670032
678225
678226
670036
670042
670046
571745
678246
670059
547179
547180
547184
571760
686452
571771
686469
686475
670092
694671
670097
686482
670102
670103
670109
670124
620982
686527
694728
686539
670156
670161
694738
670167
621016
571863
686554
686555
621020
670174
678368
686563
621028
571882
621035
621043
686580
678391
678394
621051
621053
571912
670219
670223
670224
686610
621074
686611
686613
571927
694813
670241
670242
694819
670245
571945
571946
571948
686642
621107
621111
621112
621114
686654
621121
571970
694851
506433
670276
670280
686668
686676
678489
686681
678495
572020
670329
801403
662139
686730
621199
678554
686747
686752
645801
686765
621237
621242
686780
694973
621244
686790
686796
686797
678606
686799
686823
572138
686826
662253
621294
572143
621311
678662
572191
621345
695076
678692
686894
621363
621366
621381
621383
514888
572233
670541
621389
686948
686973
621438
621439
686993
621466
670623
678821
687014
621493
605113
605119
605121
695238
621512
605130
695243
605131
605135
605137
605141
695257
621529
678877
678882
687075
605154
605155
605156
457705
621545
621550
678894
605170
687093
605177
678906
621563
523260
621566
605182
605204
687134
457759
605218
695336
670764
670766
670770
670810
695391
605280
646241
646240
646242
605288
687221
679032
695418
687231
547973
547989
670869
670871
613534
687263
605346
605347
605361
613564
670912
695505
695506
605397
605400
687330
670950
670955
679156
670970
695549
687362
687363
605447
630023
605452
670990
687377
605463
695578
687396
687401
605483
695596
695600
605488
687424
605513
671056
630105
572761
802139
605540
687462
695657
671083
687473
671096
671106
671109
671111
671117
671131
687529
695734
679358
671212
687597
671213
622065
671218
671221
622072
622075
622098
687637
622103
572955
622110
548384
548389
572971
671277
671286
671289
671305
573009
679525
679529
802415
671345
663158
687765
450203
622250
622251
622253
687792
687798
687799
622268
573124
687847
687849
687859
687863
573186
573204
663321
663330
614179
696100
687911
687922
687924
663362
696131
663368
696136
663372
573262
687952
696147
696149
687957
679775
663423
663432
663436
679822
622491
663457
606115
663460
679845
663462
622503
663465
663474
458677
458681
810938
663485
606149
622534
679881
679885
696270
606160
655316
622554
696285
663527
622569
663531
688107
606192
663538
671732
663542
671737
663546
671739
663550
